optimal_scheduling:
  photoperiod_hours: 10.520200953141469
  rho_h: 136.47059968607232
  rho_l: 31.260981259496795
  t_h_days: 21
  t_l_days: 31
